ce88e3e0-b429-43c9-8aed-a11b846bdbfc "1222.24,1024.32,938.52,918.51,983.31,1202.18,1488.66,1596.14,1577.47,1536.60,1500.25,1443.27,1422.30,1476.11,1531.15,1539.39,1580.13,1677.91,1733.71,1736.42,1721.43,1704.71,1653.55,1495.59,1235.66,1038.81,948.70,935.46,1017.61,1227.99,1451.97,1550.57,1559.12,1532.22,1471.36,1375.09,1318.79,1360.85,1443.32,1520.51,1623.72,1712.91,1734.90,1713.78,1694.97,1683.51,1635.98,1482.05,1244.40,1070.36,986.04,967.98,1026.70,1169.07,1337.35,1479.29,1572.42,1592.13,1524.24,1388.86,1303.25,1351.77,1490.70,1598.90,1671.43,1746.70,1794.47,1787.39,1730.41,1655.06,1574.94,1435.73"
3bd4cf70-f1a9-40f1-9ac1-66c7af0bfd3a "598.04,598.32,597.60,596.18,595.64,596.68,598.53,600.20,601.44,602.36,602.77,602.62,602.21,601.79,601.61,601.77,601.75,601.20,600.59,600.55,600.47,599.54,598.39,598.14,598.70,598.82,598.14,597.57,597.81,598.58,599.39,600.12,600.79,601.14,601.16,601.20,601.32,601.12,600.58,600.30,600.45,600.50,600.13,599.73,599.58,599.46,599.17,598.97,599.00,599.08,598.97,598.81,598.86,599.22,599.72,600.12,600.26,600.22,600.26,600.45,600.52,600.28,599.98,599.95,600.11,600.09,599.83,599.59,599.54,599.51,599.41,599.31"
3fb200fb-4a4b-48ff-8bc7-3efccaf8a545 "134.66,141.16,184.90,269.34,305.23,216.85,152.86,173.11,230.91,244.38,246.37,310.15,387.12,344.66,275.94,306.36,394.68,367.35,242.86,194.50,235.20,306.83,310.63,246.14,203.33,205.66,229.84,252.34,240.50,202.44,184.92,210.17,271.10,295.57,251.86,230.62,279.86,335.09,314.44,275.50,284.83,301.55,270.10,235.93,242.40,267.34,267.05,242.88,224.24,222.95,237.86,260.06,258.14,228.99,213.02,236.15,275.70,276.53,244.39,237.18,268.95,299.13,288.75,262.36,255.05,262.24,262.71,254.90,249.54,248.90,248.38,247.09"
d2225740-64ec-41d8-9efe-dda467480a10 "763.09,738.17,737.10,755.88,778.60,792.39,815.92,869.76,984.14,1138.98,1244.68,1262.77,1248.57,1312.83,1459.54,1546.44,1531.86,1502.81,1521.92,1490.02,1314.11,1068.75,923.13,826.24,761.10,751.01,784.88,817.36,804.90,802.24,858.03,972.11,1085.49,1153.58,1195.24,1237.61,1305.63,1413.99,1511.91,1552.99,1564.63,1592.54,1612.88,1560.99,1377.63,1108.34,914.72,813.15,777.21,786.90,814.36,818.85,813.60,856.16,964.95,1055.95,1061.10,1069.30,1147.94,1254.30,1339.73,1400.37,1467.12,1542.92,1597.57,1620.44,1605.94,1538.68,1376.42,1113.46,901.48,817.29"
27b8a6c7-35a1-45eb-b267-179705991d53 "6830.71,5449.92,4420.35,4128.30,4138.67,4283.78,4916.09,6252.00,7563.25,8229.89,8746.10,9458.47,9710.34,9086.20,8065.20,7815.96,8061.96,7935.91,7574.99,7667.42,8187.00,8384.25,8124.94,7438.49,6295.43,5012.74,4223.22,4038.87,4253.58,4612.91,5005.95,5847.86,7335.68,8666.71,9203.92,9350.25,9442.98,9338.39,9074.73,8806.62,8468.01,8104.83,8112.79,8517.23,8822.49,8720.00,8289.63,7673.46,6638.24,5292.12,4445.83,4298.08,4478.82,4633.36,5051.66,6296.38,7895.66,8621.89,8648.47,8862.78,9277.62,9366.63,9102.55,8769.38,8485.36,8278.74,8296.80,8509.72,8609.82,8421.79,8028.22,7451.81"
e7d6a5d2-7551-4d7a-ae7e-4d65b31501bf "182.07,154.09,135.38,127.81,129.55,144.86,170.88,189.41,195.61,198.82,194.88,178.36,148.71,130.80,131.00,144.95,160.46,163.82,161.25,162.62,166.02,162.33,165.45,179.67,181.00,159.68,140.29,133.95,137.70,149.59,162.94,175.01,193.87,212.13,211.07,186.12,147.53,128.21,124.85,137.51,160.48,169.50,163.81,164.63,174.01,173.96,163.49,161.39,167.88,165.66,156.95,152.18,146.17,144.34,156.34,176.58,198.11,213.61,213.39,196.13,159.73,129.85,123.43,136.68,156.90,160.95,164.93,181.94,191.63,176.59,152.53,147.64"
39e40b36-b885-471b-9a03-1c730ba47725 "99.72,71.90,54.50,65.16,86.47,83.07,106.48,257.72,419.46,326.11,185.55,187.66,245.94,244.53,208.36,199.37,181.92,166.03,206.26,279.68,238.81,105.62,64.48,79.73,106.97,86.46,66.28,75.30,94.21,104.79,162.39,323.00,396.01,278.99,181.48,210.14,292.62,282.12,205.85,164.41,161.65,196.87,269.77,310.08,214.99,102.39,78.90,107.97,136.36,102.80,74.25,75.13,100.07,159.27,266.28,353.14,322.65,234.94,225.09,302.75,355.21,272.54,184.18,149.98,178.66,259.49,335.64,331.00,199.99,110.51,107.54,158.47"
62c714cb-cd27-4f1d-996b-fa0a241f630b "384.39,337.59,345.01,380.93,415.99,466.85,587.16,785.31,966.73,1052.61,1081.63,1127.60,1190.54,1233.68,1257.16,1285.81,1323.21,1345.63,1329.78,1258.82,1122.64,912.55,667.32,474.51,370.94,336.13,348.17,388.10,437.71,508.96,632.78,798.25,943.45,1038.81,1111.99,1193.78,1272.33,1317.99,1331.92,1340.48,1356.46,1361.45,1334.03,1262.62,1135.60,925.00,661.55,467.56,376.62,345.20,350.23,395.89,480.10,583.69,691.31,797.21,880.54,942.03,1017.44,1125.22,1227.40,1286.03,1316.34,1343.95,1362.03,1349.46,1305.47,1238.00,1132.43,944.62,685.82,476.47"
edf614b8-4de1-479c-ae9a-46acb9dc09be "569.37,516.40,501.76,520.58,583.99,658.76,667.12,648.56,694.31,871.43,1094.68,1182.20,1176.22,1178.10,1204.00,1248.68,1283.66,1278.81,1249.49,1239.97,1221.45,1123.06,900.08,677.17,564.41,511.85,509.42,573.88,695.29,719.58,659.38,667.35,800.88,993.34,1089.38,1111.40,1149.01,1219.58,1284.04,1300.46,1267.76,1244.56,1267.89,1288.09,1253.75,1143.32,928.04,691.60,568.91,541.87,566.48,615.42,653.59,676.97,724.41,822.66,931.95,968.69,969.00,1033.51,1158.39,1258.42,1286.55,1273.07,1276.90,1298.80,1301.68,1273.97,1222.41,1124.62,922.36,693.29"
86fc9582-eae6-440b-a7b1-a26ac498e0a4 "125379.28,239670.59,332489.66,322302.59,229660.63,172190.71,180395.50,157280.82,102984.04,94213.15,107200.08,111049.04,139125.96,173222.91,165740.86,96890.01,59791.70,92170.39,180371.17,180644.11,113341.63,98973.97,121959.14,141762.78,151866.57,195012.82,248806.69,257527.33,245007.51,234087.53,198860.25,116509.07,71852.19,74080.25,101788.24,148250.62,195058.14,203305.27,170022.16,119735.19,110063.88,153585.10,185004.14,144613.18,102224.04,116831.47,171639.60,196218.29,177907.82,205886.56,266734.64,304396.81,321026.72,313929.57,257942.62,130859.52,63719.26,69469.83,120137.73,159990.44,166967.04,179915.98,189676.34,175456.97,151757.75,139576.70,121923.89,100299.16,109103.84,166151.76,220627.69,194414.29"
97b15809-7d09-4908-8c0b-e5b3752252d8 "332.73,340.54,344.83,369.90,452.35,599.34,739.13,852.62,885.10,1000.53,1356.39,1860.99,2205.35,2370.57,2514.88,2622.27,2619.75,2461.01,2161.27,1857.52,1418.14,819.59,468.36,360.24,345.96,348.13,345.49,373.97,509.94,765.81,977.36,964.21,882.18,1035.44,1516.68,2018.17,2236.91,2351.14,2527.56,2656.06,2644.14,2448.77,2125.21,1788.28,1271.11,735.74,487.13,422.64,400.15,374.59,388.62,493.55,700.29,891.11,990.72,994.69,1022.29,1233.39,1641.47,1982.46,2143.72,2326.10,2550.18,2658.46,2610.53,2406.89,2127.02,1745.18,1171.01,730.86,556.56,476.72"
67a44915-f4f1-4ed6-ad22-99b452d48d73 "385.93,382.69,373.66,356.84,329.16,296.98,275.47,270.13,276.90,286.74,288.71,288.16,297.11,312.90,320.08,315.96,310.28,311.65,324.97,348.78,367.08,372.94,375.26,380.00,382.14,376.96,362.14,341.60,318.50,294.50,279.39,276.00,277.77,275.72,273.43,281.83,302.01,314.80,312.27,307.18,310.35,322.82,342.27,359.83,370.10,377.89,385.37,388.67,385.61,374.36,358.28,341.64,319.59,296.51,282.61,277.70,274.53,271.49,274.88,288.93,304.60,308.59,307.22,310.26,318.09,327.98,338.99,351.14,363.48,374.81,382.48,384.12"
f0daee79-6778-41c8-8871-e3b9e98a0d4d "273.55,271.92,264.92,248.42,228.25,216.94,216.44,221.86,226.31,225.27,221.83,221.04,224.42,229.72,231.22,227.07,222.85,225.83,238.39,252.44,259.36,264.38,271.31,275.63,275.85,271.38,259.25,237.55,216.16,208.11,212.08,221.17,224.54,223.14,225.34,230.69,231.43,226.29,222.61,222.13,223.45,230.17,241.72,248.72,252.11,261.85,272.31,275.82,274.04,268.76,260.39,242.73,220.95,212.87,215.71,218.09,215.92,218.36,227.41,232.34,226.79,221.01,220.81,222.72,226.39,235.17,245.52,251.60,258.11,267.74,273.54,273.30"
712a99f2-7685-40a9-9643-4148cf9d7038 "17047.54,16878.14,16237.37,14648.50,12455.69,10814.21,10153.43,10267.20,11091.62,12132.45,12494.93,12525.00,13059.92,14067.48,14887.14,15251.01,15496.09,15892.80,16423.63,16961.78,17261.89,17230.86,17106.00,17101.06,17035.90,16750.78,15977.35,14205.17,11861.99,10438.74,10100.08,10404.80,11052.85,11625.77,12113.25,12886.14,13955.52,14725.59,14810.12,14685.84,15052.74,15990.90,16844.95,17167.46,17151.46,17217.69,17398.84,17362.48,17000.36,16439.72,15633.65,14107.01,12087.92,10800.88,10414.02,10405.76,10510.27,10932.00,12005.75,13365.02,14161.56,14295.62,14175.59,14395.62,15155.61,16143.10,16795.00,17050.09,17245.45,17476.81,17490.72,17123.99"
ed0480f5-ec6e-46ab-84aa-eee1c8ee5df2 "17715.97,17545.34,16763.74,15172.44,13157.68,11447.06,10674.16,10814.33,11681.15,12437.44,12514.43,12846.54,13945.49,15019.33,15414.25,15581.69,15997.50,16423.51,16866.87,17419.65,17784.72,17794.13,17670.14,17654.41,17554.81,17120.59,16076.13,14315.39,12342.50,11092.47,10751.64,11006.80,11518.53,11874.96,12301.09,13306.03,14584.22,15254.57,15233.82,15254.99,15741.88,16543.92,17235.31,17576.03,17695.25,17839.16,17969.44,17889.08,17504.27,16841.48,15871.17,14372.14,12631.31,11439.11,10979.17,10941.06,11087.32,11476.29,12387.46,13664.28,14540.87,14713.68,14652.32,15000.31,15796.67,16622.85,17147.03,17439.90,17707.99,17921.31,17895.43,17550.73"
34df6555-4537-4ed8-bd88-ac4bccc67805 "3975.35,2870.08,2706.08,2717.71,2501.46,2371.21,2514.46,2721.28,2707.75,2748.38,2882.69,3386.23,3692.16,3496.53,4095.28,6994.20,10630.16,11179.13,9543.31,7801.17,6886.57,6024.36,5008.17,4087.87,3075.70,2441.39,2444.73,2896.51,2763.60,2127.85,1813.11,2122.15,3666.87,5538.26,4923.99,3550.16,3461.17,5177.48,8564.46,11326.40,12517.38,13172.85,13574.48,12803.23,10045.48,6608.27,4903.75,3748.91,2720.41,2319.58,2533.23,2839.83,2545.16,2120.71,2186.14,3289.64,5528.25,6013.13,4085.84,2979.79,3608.66,6095.81,8842.98,9650.76,9951.70,11756.04,13771.43,13619.86,10356.11,5665.38,3358.13,2616.32"
8c592c78-3324-4d14-b667-bf16ec51e3d0 "276.21,296.01,363.99,409.56,343.31,279.78,280.61,302.65,298.49,277.38,273.88,274.67,276.48,286.51,299.63,287.81,265.19,265.15,301.84,344.09,309.86,276.73,280.49,291.38,292.60,314.69,384.06,410.53,343.94,292.87,295.89,310.27,300.62,276.86,265.81,264.72,278.63,303.33,305.85,273.99,258.95,275.44,342.88,370.45,305.44,269.90,276.80,307.49,336.55,361.45,394.54,399.31,361.56,332.49,330.72,317.20,284.41,265.19,264.22,272.99,290.16,302.01,298.86,273.13,263.38,297.44,393.08,395.51,296.79,264.95,285.09,355.63"
3342cfd6-6184-4217-bd76-5ce896bacb5a "82.74,76.04,75.96,78.80,81.35,82.46,85.01,93.85,111.29,128.93,136.43,136.83,139.98,147.29,157.85,170.21,179.50,184.33,187.46,189.36,184.84,168.52,137.18,104.03,84.33,78.19,79.88,84.83,86.34,84.47,87.84,103.93,126.83,135.43,131.02,131.72,143.11,157.38,164.43,167.17,174.91,185.18,190.64,189.39,181.47,165.21,134.70,101.32,85.61,83.04,85.17,86.10,85.86,89.31,100.80,115.35,123.41,121.37,121.34,131.31,148.13,160.30,163.78,169.68,182.89,191.84,192.69,187.73,180.22,166.53,135.67,102.96"
36a0ae09-7c74-4d8b-9394-8e08b496b55f "2048.35,1992.04,1973.91,1987.93,2041.48,2103.07,2088.86,2070.88,2069.87,2136.21,2313.20,2503.19,2588.50,2586.50,2489.57,2271.75,2088.52,2014.69,2024.75,2073.86,2093.82,2090.87,2119.32,2120.67,2049.82,1985.33,1964.84,1988.58,2103.47,2205.46,2136.53,2048.80,2071.49,2260.00,2475.09,2517.27,2516.23,2565.71,2548.73,2347.95,2075.66,1994.14,1997.57,2024.67,2048.25,2092.66,2136.40,2092.95,2031.64,2003.98,2002.80,2055.81,2178.06,2206.90,2107.43,2047.86,2123.76,2361.01,2507.59,2476.13,2486.41,2586.11,2589.08,2373.48,2060.07,1984.11,1979.07,1997.97,2045.55,2126.94,2136.12,2060.30"
b0c0999b-77de-4b75-9d3f-013cda1d4502 "1588.86,1277.39,1249.40,1396.13,1692.78,2147.31,2699.41,3175.61,3457.34,3780.91,4432.35,5005.61,5153.58,4933.28,4683.56,5028.26,5818.58,6217.70,6220.83,6239.09,6192.52,5427.13,3605.16,2155.94,1593.85,1330.24,1281.89,1577.03,2300.98,2868.13,2922.63,3140.03,3606.90,4306.59,5061.98,5496.52,5501.29,5198.77,5148.44,5614.51,5964.95,5888.97,5867.74,6185.83,6248.51,5534.66,3754.32,2270.08,1643.94,1428.39,1510.53,1987.61,2661.22,2897.28,2896.13,3313.69,3946.55,4198.89,4230.49,4541.97,5044.11,5388.66,5597.84,5801.32,6005.96,6133.50,6225.61,6314.43,6233.61,5600.30,4047.05,2436.18"
b1bc95b5-4842-437e-a322-1756cefa45bf "1703.24,1639.59,1554.73,1515.31,1520.17,1546.68,1593.42,1676.01,1752.02,1754.78,1715.53,1703.72,1710.70,1701.62,1698.65,1719.95,1744.88,1771.43,1867.19,2063.18,2127.88,1876.76,1646.82,1604.31,1656.91,1668.51,1608.37,1562.23,1563.27,1595.78,1648.83,1707.27,1716.02,1671.85,1649.93,1687.98,1733.44,1709.99,1661.25,1665.57,1722.20,1774.07,1816.01,1867.81,1859.36,1746.60,1644.72,1628.95,1662.05,1668.46,1630.72,1599.10,1601.69,1631.48,1674.36,1698.00,1675.77,1642.34,1647.98,1690.03,1708.81,1674.97,1644.72,1663.36,1712.18,1745.49,1753.64,1749.14,1725.31,1683.47,1654.18,1652.74"
77bc4464-b5fa-4e47-bfd1-ae4e4fcd5199 "169.48,174.22,160.24,143.61,161.45,230.74,294.43,306.14,322.38,368.02,398.72,387.54,363.20,348.83,334.76,325.71,333.75,336.16,303.57,265.94,268.03,291.90,277.40,224.89,184.94,170.65,160.55,153.44,170.91,213.30,241.82,249.32,280.92,333.97,347.71,305.30,263.93,263.11,278.12,287.30,293.20,298.31,293.64,286.15,290.84,291.75,257.03,207.73,185.84,184.45,178.12,170.64,181.61,209.48,240.97,290.11,364.00,413.57,409.22,379.48,369.03,373.75,362.45,342.76,350.60,376.28,385.01,382.34,385.93,380.20,331.34,261.42"
ada698ef-7c0d-4ffd-9d21-8dc90ef9951e "76.02,72.58,77.56,82.64,79.09,75.74,82.44,97.60,101.75,88.18,79.15,79.74,81.43,77.09,73.28,75.22,78.64,78.14,77.23,83.44,95.68,96.96,84.17,76.66,78.33,82.06,82.10,80.72,80.92,81.95,83.31,88.80,94.97,89.88,78.95,75.10,79.50,84.44,81.17,75.65,75.86,80.45,83.83,84.98,86.03,86.53,84.78,82.28,81.05,81.08,81.84,82.56,82.16,81.45,82.80,86.57,88.02,83.85,79.48,79.68,82.82,83.55,80.67,78.64,79.83,82.41,83.98,84.28,83.88,82.97,82.15,82.25"
54f6f4eb-6325-41ec-bee9-0dadebfde7a0 "260.97,261.46,260.97,260.37,260.64,261.78,262.08,260.87,260.46,262.23,266.87,270.96,272.56,275.04,277.64,274.58,268.03,264.40,263.25,262.58,261.96,261.60,261.26,260.85,260.95,261.67,261.94,261.24,260.84,261.29,261.86,261.68,261.60,263.24,267.64,272.75,275.59,277.66,279.27,276.70,270.15,265.06,262.84,262.08,261.97,262.01,261.61,261.07,261.08,261.84,262.29,261.59,261.06,261.50,262.26,262.26,262.03,263.38,268.06,274.54,278.36,280.65,282.55,280.16,272.29,265.53,262.78,261.98,261.92,262.09,261.93,261.46"
6c3fcd87-5bf1-4dec-8205-9d253c856df7 "354.98,318.10,331.04,370.45,405.38,469.58,645.50,909.10,1046.48,1122.92,1290.16,1403.51,1310.48,1057.80,864.76,926.24,1236.85,1574.57,1734.61,1845.09,1812.54,1425.62,893.08,582.22,441.16,373.89,370.00,416.40,493.46,582.77,734.60,935.22,1057.23,1258.53,1598.74,1737.33,1499.41,1062.09,824.25,943.26,1318.22,1548.00,1613.70,1824.15,1983.91,1709.36,1041.46,611.98,450.02,380.49,402.69,542.18,731.80,762.00,757.75,926.77,1175.29,1472.19,1734.94,1788.67,1552.04,1155.67,915.00,1002.09,1327.96,1486.69,1542.67,1862.14,2132.47,1932.71,1178.93,643.09"
3c642a41-553d-45d3-aee9-cd7ce7e4e038 "1385.50,1371.61,1365.65,1364.19,1364.58,1367.24,1374.34,1384.16,1388.51,1387.68,1388.82,1393.81,1397.29,1396.87,1397.23,1400.50,1403.28,1406.68,1413.21,1419.72,1422.77,1422.38,1420.07,1413.88,1398.52,1378.62,1368.18,1365.59,1366.08,1369.19,1376.59,1385.97,1390.87,1392.81,1397.06,1402.46,1403.76,1401.46,1401.55,1404.28,1406.21,1408.17,1412.68,1418.02,1421.20,1422.44,1422.22,1417.20,1400.68,1379.13,1368.91,1367.07,1368.10,1370.75,1376.42,1384.16,1389.81,1393.07,1396.46,1397.75,1395.62,1394.58,1399.27,1406.52,1410.08,1412.32,1418.86,1426.08,1428.76,1427.97,1426.30,1421.41"
9decf6c2-1760-4924-a845-106591232f00 "1605.89,1640.06,1578.21,1511.48,1500.48,1521.44,1532.77,1522.74,1509.23,1499.06,1496.31,1509.57,1527.70,1520.57,1494.45,1491.15,1518.90,1537.90,1516.97,1498.91,1511.36,1531.24,1534.16,1539.63,1564.17,1569.95,1532.10,1495.58,1490.57,1505.01,1513.72,1504.78,1488.27,1479.30,1484.86,1502.36,1511.26,1496.43,1479.08,1482.97,1503.60,1512.39,1497.24,1484.14,1490.72,1507.59,1517.46,1519.12,1518.44,1511.46,1497.42,1487.90,1488.74,1492.49,1490.77,1485.37,1481.27,1479.65,1481.68,1488.53,1492.86,1485.97,1476.13,1478.01,1491.25,1498.00,1488.31,1478.09,1482.10,1495.97,1504.58,1501.15"
396c82b9-3cb7-4d41-a32e-1c7f81f97144 "3497.26,3266.33,3187.89,3035.90,2925.20,3040.54,3516.84,4471.16,5551.95,6151.94,6327.17,6626.65,8630.38,13579.44,18605.16,20430.61,20673.76,20592.26,18876.27,13754.09,8044.42,5493.15,4298.46,3509.21,3188.00,3221.05,3243.98,3093.36,3082.24,3458.01,4516.48,6198.54,7202.59,6567.37,6081.11,7252.59,10913.17,15675.75,18435.72,19516.27,20695.12,21469.25,19755.16,12973.91,6287.37,4204.15,3661.43,3419.22,3438.17,3682.83,3696.37,3402.57,3431.65,4281.99,5779.56,6849.08,7056.59,6875.48,7255.08,8694.02,11686.06,15773.59,18588.79,19888.24,21068.80,21540.73,19279.70,11409.23,5034.74,3524.00,3444.25,3666.63"
e0dd41e9-a57c-475a-bc0d-5b870f0adc26 "110.22,110.39,110.76,111.20,111.53,111.72,111.84,111.95,112.05,112.15,112.36,112.77,113.32,113.78,113.95,113.78,113.36,112.96,112.77,112.76,112.73,112.64,113.02,114.26,115.86,116.66,116.39,115.97,116.00,116.30,116.48,116.49,116.39,116.37,116.61,117.04,117.10,116.35,115.56,115.68,116.31,116.24,115.54,115.36,115.88,116.33,116.52,117.11,118.12,118.77,118.68,118.39,118.36,118.51,118.53,118.36,118.16,118.11,118.26,118.47,118.45,118.18,118.00,118.09,118.23,118.10,117.82,117.71,117.89,118.15,118.35,118.55"
583fb3ee-ab8a-477e-a69f-18451cd557af "8571.17,3951.27,2434.87,2273.77,2648.95,3077.34,3389.54,4400.03,6822.05,8926.87,8950.27,8503.72,9481.51,10904.51,11183.87,10523.08,9275.83,9065.93,11224.33,14847.46,16893.75,17294.22,17049.89,15058.84,10551.00,5972.81,3793.91,3080.27,2974.16,3108.99,3731.23,5511.93,7813.03,8779.84,8540.01,9543.86,12427.70,14018.42,12922.64,10846.64,9023.03,9005.46,11747.77,14978.98,16007.00,16640.55,17940.95,17393.64,12894.70,6761.69,4034.99,3177.43,3066.55,3782.83,5721.51,7681.20,7714.12,7561.81,8757.20,11224.86,13362.40,13506.75,12358.82,11008.82,9740.41,10112.13,12646.95,15088.82,15869.48,17421.89,19582.12,19518.70"
9d9285ce-415e-4b7f-8bad-4183a4e4063c "66.74,66.02,65.31,64.86,65.04,65.67,66.10,66.04,66.48,68.35,70.94,71.96,72.18,73.70,75.80,76.57,76.10,75.62,75.59,75.07,73.44,71.27,69.19,67.50,66.57,66.17,65.84,65.53,65.51,65.94,66.73,67.93,69.22,70.05,70.39,70.97,71.88,72.34,72.01,71.73,72.14,72.55,72.38,71.94,71.55,70.59,68.80,67.08,66.28,66.10,65.81,65.33,65.33,66.15,67.34,67.88,67.96,68.56,70.07,71.90,73.27,74.14,74.99,76.06,76.97,77.32,77.19,76.90,76.33,74.76,71.91,69.17"
d1fab258-c55b-49a2-b55e-e2e565fc068c "278.19,285.40,323.98,383.14,349.78,287.67,279.94,299.61,308.18,287.83,274.38,273.16,275.94,282.22,290.81,286.95,274.00,271.67,288.16,310.77,297.15,277.19,278.31,286.82,286.91,294.67,338.05,381.41,335.82,286.35,282.57,301.50,307.43,284.96,271.35,270.07,276.11,286.59,292.78,282.84,272.61,274.85,292.65,305.68,287.69,272.75,275.09,287.25,298.02,313.17,343.36,355.76,317.70,287.95,287.46,297.98,294.22,279.51,272.30,272.43,276.66,284.73,291.70,282.71,272.34,274.30,291.29,301.39,282.10,269.80,273.97,292.89"
e200ce28-15ca-4f38-8c9c-5dd91925b3d7 "142.68,142.06,146.76,150.38,144.89,144.36,160.07,180.82,177.80,155.38,146.59,149.23,151.05,148.26,146.24,145.42,143.82,145.88,153.02,155.51,148.48,145.42,148.83,153.72,149.85,145.94,146.40,148.66,148.04,151.45,166.08,177.84,173.68,158.54,151.58,149.55,147.79,146.99,146.38,143.97,142.92,148.37,159.00,155.60,144.79,143.84,153.38,165.24,156.23,145.47,144.18,148.10,156.72,164.73,171.22,175.68,174.61,167.56,160.28,152.04,146.32,144.68,144.15,143.48,144.91,151.78,158.65,152.80,144.85,146.58,163.37,173.25"
8bb4772f-af16-4b34-a6ea-eab6877571e1 "330.51,315.18,312.13,317.55,323.87,324.30,331.41,338.97,330.83,314.02,311.27,329.74,354.23,344.87,326.12,336.90,393.00,465.25,490.04,501.74,548.42,581.37,540.47,426.44,346.07,322.02,320.14,324.03,325.17,321.36,316.94,319.66,330.92,342.13,340.81,332.70,330.45,336.41,347.41,362.56,390.61,444.46,501.06,541.83,583.91,609.30,572.51,449.67,352.56,321.30,318.34,328.06,335.70,328.52,318.32,322.23,341.56,350.23,331.21,321.99,338.87,368.68,377.80,367.23,376.00,439.23,532.98,584.96,611.11,627.09,590.29,459.75"
650db4cd-f1c7-4424-83e9-a50c967465ef "346.08,356.11,369.48,365.17,317.23,321.91,442.37,639.71,459.79,335.53,385.68,642.05,648.16,407.20,372.52,495.46,561.38,440.89,407.89,485.13,506.94,406.90,361.87,372.00,385.35,385.45,378.73,372.97,369.83,388.15,438.57,455.67,403.06,374.66,417.02,506.39,497.64,407.92,378.32,417.49,462.63,460.29,439.08,424.98,407.42,396.09,408.15,411.29,382.92,365.65,386.53,418.20,404.69,381.82,402.67,445.62,430.73,391.11,400.14,458.09,470.75,411.84,381.67,405.57,445.39,445.67,415.40,395.57,394.63,404.06,412.60,403.85"
85d5dd60-f514-496e-bb5a-4244c8d9340e "227.56,227.24,226.27,225.78,226.21,227.08,227.28,227.40,229.14,232.63,233.37,229.59,227.12,227.05,228.18,228.81,227.94,226.96,227.19,229.37,233.28,233.93,229.39,226.61,226.56,227.69,227.71,226.50,226.03,226.50,227.44,228.33,229.64,230.62,229.66,228.01,227.37,227.47,227.71,227.92,227.70,227.08,227.11,228.87,232.21,231.83,227.90,226.22,226.72,227.99,227.87,226.59,226.02,226.44,227.55,228.77,229.21,228.50,227.64,227.40,227.60,227.55,227.22,227.09,227.17,227.23,227.54,228.64,229.93,229.17,227.24,226.47"
23691822-c65a-4c4f-95cf-5807c3d4049a "453.75,520.70,424.15,330.33,325.82,362.53,343.45,294.02,277.95,283.63,287.81,287.14,290.59,288.17,279.43,278.75,291.28,299.75,288.63,281.74,298.70,321.07,324.08,347.91,436.14,497.38,403.01,311.76,305.07,336.05,331.36,292.11,272.35,273.13,283.41,295.69,301.08,289.61,276.25,279.21,295.27,295.72,278.07,274.24,294.71,319.02,326.88,350.98,414.15,438.08,361.69,301.66,298.49,320.14,318.18,291.05,274.48,274.00,282.47,295.09,300.57,287.63,274.00,276.78,292.30,294.73,278.91,273.19,289.39,315.44,330.45,344.87"
06bc350d-2337-43b1-ab47-95a56b302061 "87.45,92.21,91.71,86.67,85.88,91.91,101.14,100.42,91.75,87.13,88.49,96.33,105.19,98.96,86.70,83.16,84.73,88.45,90.90,89.04,85.63,83.90,84.80,87.93,89.55,86.55,84.08,85.26,91.45,97.67,96.41,92.34,89.14,87.82,89.47,96.76,104.10,95.24,84.70,83.07,86.29,91.99,91.29,85.64,83.15,83.91,87.04,89.63,87.73,84.71,84.32,87.49,93.32,95.46,91.65,87.86,86.54,87.64,92.00,98.72,98.08,88.86,84.24,85.00,88.82,90.83,87.48,84.25,83.63,84.99,87.39,88.77"
02488951-da87-4317-9da2-0b1382e00fa9 "5858.61,3507.53,2321.90,2108.73,2303.72,3037.02,5629.96,8900.37,9365.06,7187.34,5387.97,5722.06,6580.90,6040.13,4713.72,4163.22,4757.66,6485.60,7872.19,7886.27,7159.62,6357.76,5783.77,5127.54,3686.65,2194.96,1608.75,1769.98,2519.78,3649.16,5084.32,6482.58,7301.77,8061.67,9066.26,9737.59,9497.19,8543.15,8477.68,9916.38,11217.28,11562.72,11458.49,11461.05,11311.50,10464.92,9075.37,7692.28,5526.63,3214.22,2359.79,2863.80,4163.70,5002.44,5353.52,6170.61,7689.28,8964.40,9225.70,8215.42,6653.63,6006.47,6611.30,7487.11,7415.34,7105.62,7865.52,8982.48,9176.78,8346.28,7034.33,5476.42"
a4062a10-601c-44c0-96fb-ffe307a98b4e "10387.68,9444.55,9157.87,8664.07,8585.81,9261.13,11552.73,16693.47,23928.53,26251.30,24684.41,27054.92,35501.88,41926.50,40921.79,32381.68,25720.94,24583.63,29233.03,33788.99,35373.21,33209.36,25716.22,17083.41,13229.76,13253.18,10975.72,7388.18,6496.70,11183.72,24166.14,30205.92,25048.70,21648.06,27828.85,39612.30,47480.55,47847.27,42529.54,34333.85,29884.86,31068.58,32478.41,32397.58,33498.90,34057.53,29675.25,23354.24,17906.59,13865.28,8866.46,6099.74,8806.58,23047.13,33901.45,27416.79,18850.61,22003.41,34793.62,43366.86,42820.72,41000.00,40857.38,38637.80,35929.90,32630.23,29139.48,27413.46,29225.50,34219.58,36781.09,29707.71"
d0a17616-7299-4767-9f38-1e03b44bc96f "193.18,193.12,193.05,192.70,192.37,192.28,192.27,192.39,192.87,194.08,195.12,194.39,193.26,193.55,196.12,199.53,198.38,194.57,193.08,193.39,194.27,194.00,192.80,192.28,192.47,193.14,193.39,192.77,192.23,192.26,192.67,192.96,193.03,193.36,194.00,193.90,193.32,193.79,196.37,199.10,197.07,193.65,192.74,193.37,194.32,193.88,192.70,192.21,192.43,193.13,193.56,192.97,192.31,192.29,192.83,193.27,193.03,192.76,193.00,193.39,193.60,194.34,196.20,197.41,195.48,193.28,192.80,193.35,193.95,193.51,192.63,192.23"
e03aded7-68f3-4776-8477-2ab88248fee3 "603.47,600.42,597.20,595.78,593.55,588.21,590.47,610.64,641.19,645.83,630.43,633.57,666.82,704.36,713.59,715.50,727.46,737.83,743.93,754.23,755.18,713.97,656.53,633.18,633.11,622.93,602.30,592.15,591.79,595.47,606.05,629.63,646.56,631.98,616.97,634.85,683.87,712.69,696.77,685.59,707.74,750.62,784.23,796.59,785.73,743.51,692.48,665.85,653.33,630.23,603.80,591.76,593.26,603.75,617.62,629.13,627.66,615.81,622.88,669.03,720.89,713.03,672.33,676.31,741.30,808.08,821.53,819.25,828.49,815.66,766.45,714.02"
230627d0-8fea-4a7e-94ca-60d46daa3d87 "1169.55,1210.27,1204.09,1167.79,1150.04,1150.10,1140.38,1117.39,1110.47,1116.62,1132.91,1153.90,1146.56,1119.38,1120.26,1183.10,1265.44,1250.61,1166.65,1141.69,1171.62,1186.14,1151.76,1136.58,1162.09,1197.94,1207.92,1188.55,1161.94,1128.97,1112.63,1114.36,1134.67,1148.28,1137.08,1138.48,1154.23,1155.15,1157.70,1210.03,1262.47,1245.86,1186.16,1167.65,1184.78,1176.53,1147.74,1136.62,1158.15,1196.43,1225.29,1209.87,1168.75,1132.68,1120.12,1129.73,1150.70,1144.15,1125.18,1127.74,1163.91,1192.77,1185.33,1195.35,1237.71,1249.95,1226.79,1205.03,1196.25,1161.86,1132.92,1132.11"
43203817-e16c-41ec-81e2-e905ce9718ff "178.22,175.28,168.56,163.50,161.64,162.41,165.67,169.90,172.61,175.58,180.47,185.49,185.63,182.23,178.50,176.31,171.85,166.41,168.31,185.15,203.02,200.41,184.11,176.27,178.24,176.23,166.41,161.84,161.86,164.16,169.84,174.57,174.43,170.92,171.64,183.58,199.11,196.83,180.92,172.39,172.56,176.06,181.48,190.26,199.37,201.64,198.30,192.15,183.26,172.97,165.50,162.10,161.81,166.07,176.84,180.77,173.67,168.68,177.20,200.84,209.07,196.45,177.35,172.80,176.61,180.12,179.64,182.58,190.58,200.42,206.69,201.53"
07cc9cd9-2113-4d11-9d40-f7f4b28918e1 "243.10,244.43,242.64,240.25,240.11,242.22,245.03,246.42,247.55,249.93,251.53,250.75,250.52,252.74,253.40,250.12,247.45,248.39,250.00,247.42,243.54,242.07,242.51,242.79,242.51,242.26,241.85,241.27,241.57,243.16,244.57,244.91,245.56,247.26,248.46,248.35,248.61,249.38,248.63,246.56,245.75,246.46,246.40,244.54,242.83,242.41,242.62,242.66,242.62,242.49,242.02,241.64,242.12,243.37,244.13,243.88,243.96,245.22,246.58,246.58,245.94,245.78,245.74,245.17,244.58,244.45,244.23,243.42,242.64,242.43,242.56,242.62"
286e0cf9-c67c-4a5a-ab52-c605ec12e16b "252.90,228.66,191.48,174.19,177.50,193.37,215.80,248.60,289.52,311.31,310.95,306.09,312.14,326.99,340.19,345.35,343.07,341.34,345.07,346.01,339.84,326.59,307.53,281.19,246.37,212.24,190.34,180.25,177.96,187.87,219.90,266.58,294.04,298.56,299.57,306.30,314.42,321.12,328.39,336.69,346.05,354.01,355.27,348.02,337.65,327.90,312.52,287.54,254.59,219.54,194.06,182.41,182.58,195.75,223.08,253.50,274.12,288.05,301.32,310.72,314.26,319.44,332.87,348.02,356.89,359.63,358.11,352.22,341.01,325.14,306.57,282.38"
420c7a21-e53f-4b13-b03c-9c38406941a9 "136.06,133.98,132.07,133.17,135.87,137.46,137.24,136.57,136.52,137.29,138.77,140.56,141.49,141.25,141.39,142.21,141.56,138.78,137.08,138.04,139.20,138.80,139.50,143.82,149.13,150.68,148.75,147.28,147.60,148.34,148.59,148.55,148.44,148.57,149.56,150.93,150.73,148.10,145.84,146.49,148.27,147.57,145.31,145.09,147.04,148.52,148.94,150.53,153.42,155.24,154.85,153.87,153.69,154.04,154.19,153.86,153.29,152.99,153.46,154.24,154.15,153.08,152.42,152.88,153.43,152.88,151.85,151.68,152.48,153.32,153.77,154.21"
bfb749e5-1271-4c35-8a59-dd8d227a31f1 "194.48,213.83,207.50,208.30,241.17,281.70,281.66,260.88,253.20,239.59,207.05,184.89,181.49,179.62,169.37,162.67,163.80,163.08,159.81,161.76,164.41,158.57,154.58,167.05,200.63,217.73,201.85,204.71,253.72,308.00,304.17,272.12,253.95,234.82,207.08,189.24,182.14,173.75,164.13,161.40,165.24,165.28,160.54,159.67,162.38,161.37,159.39,167.09,186.90,196.67,188.37,200.32,265.53,340.82,340.83,295.09,265.93,246.82,219.81,197.64,183.41,169.93,160.80,162.55,170.48,168.72,160.31,159.61,166.71,169.06,165.27,167.31"
297eac34-baa1-4883-b4af-3b5e163d7649 "387.14,384.11,380.98,377.92,375.99,375.51,376.30,378.13,379.98,381.26,382.22,383.57,385.37,387.00,387.73,387.84,387.74,387.82,388.45,389.11,389.24,389.08,389.07,388.96,387.67,383.77,378.93,376.35,375.40,375.37,376.54,378.81,380.55,381.40,382.94,384.79,385.43,385.23,385.64,386.78,387.62,388.07,388.49,388.85,389.10,389.26,389.28,388.82,387.28,384.10,379.94,376.86,375.48,375.24,375.84,377.21,379.22,381.45,383.42,384.48,384.50,384.65,385.89,387.71,388.91,389.32,389.57,389.92,389.96,389.44,388.64,387.81"
3ad1a1cc-41a8-4dfa-aecf-f09339e4a363 "849.23,849.62,849.17,848.03,847.04,846.87,847.87,850.12,852.82,854.88,855.31,854.47,854.06,855.03,855.70,852.96,848.94,847.98,851.22,855.33,854.06,849.52,847.98,850.19,852.20,851.92,850.66,849.77,849.78,851.03,853.23,853.69,852.09,851.70,854.57,857.68,856.08,852.40,851.56,852.89,852.54,850.84,851.03,853.03,853.41,851.54,850.60,851.72,853.27,853.34,852.11,851.16,851.44,852.72,853.76,853.39,852.41,852.65,854.29,855.29,854.20,852.56,852.27,852.98,853.20,852.70,852.42,852.65,852.78,852.63,852.55,852.64"
8c61da8f-52c7-4a89-8895-7874c2037cce "51.33,40.75,40.04,39.49,38.22,40.19,48.20,55.89,53.57,53.10,59.90,71.63,82.94,93.73,103.78,110.82,116.32,120.28,120.86,117.10,110.00,102.32,90.14,71.36,54.53,45.18,40.84,39.02,39.30,42.48,49.07,54.84,56.58,58.15,64.23,75.03,85.50,93.27,101.41,110.40,116.98,119.48,118.48,114.97,109.65,101.88,89.39,71.00,53.77,45.10,42.57,42.11,42.46,45.04,50.91,57.41,61.41,65.29,70.82,77.11,84.13,93.46,103.76,112.01,117.60,120.73,121.17,118.73,113.46,105.55,92.60,72.61"
ab066aba-7abf-4e5e-b855-f4cc0d932804 "322.60,346.69,337.33,314.74,317.08,355.01,398.56,404.94,449.86,544.81,578.95,539.67,484.17,448.96,446.27,463.44,462.80,440.26,433.87,457.70,466.54,413.76,350.03,328.22,336.22,349.47,338.29,321.46,325.85,353.73,389.75,420.37,471.53,538.57,563.65,537.55,495.61,458.47,422.44,411.30,425.36,441.24,451.64,467.93,469.97,428.61,366.79,333.55,334.16,354.57,360.84,344.36,340.26,367.56,427.26,475.98,499.92,537.40,585.83,605.24,575.53,492.92,414.82,402.31,434.88,459.63,464.74,483.71,497.82,461.07,389.62,349.39"
d02c9a86-2400-4dec-b11f-0035235df287 "59.29,58.57,57.54,56.56,56.43,56.93,57.27,57.53,59.02,61.57,62.70,62.49,62.42,62.96,63.19,62.98,62.99,63.33,63.52,63.48,63.36,63.01,62.12,60.61,59.25,58.36,57.46,56.69,56.57,57.02,57.50,58.04,59.50,61.60,62.80,63.15,63.45,63.78,63.77,63.44,63.26,63.41,63.46,63.26,63.04,62.68,61.73,60.19,58.93,58.13,57.32,56.74,56.82,57.43,57.96,58.38,59.34,60.66,61.40,61.67,62.18,62.86,63.19,63.24,63.40,63.63,63.65,63.48,63.32,63.00,62.09,60.51"
61f1b89e-ed5b-420d-8750-7eb3a42af251 "2301.00,2451.33,2169.12,1799.68,1648.15,1746.47,2166.03,2717.48,2959.22,2920.18,2883.54,2968.12,3089.25,3167.05,3265.13,3438.27,3552.66,3509.20,3372.27,3234.05,2990.63,2542.59,2226.99,2413.20,2750.82,2572.05,2018.56,1767.89,1797.34,1905.03,2165.74,2599.68,2848.71,2793.98,2843.62,3116.81,3160.93,2909.01,2920.56,3369.41,3669.37,3706.06,3609.12,3418.56,3133.26,2784.59,2575.37,2552.18,2469.18,2197.76,1968.04,1925.15,1906.19,1805.78,1812.10,2083.01,2522.92,2907.98,3205.72,3365.71,3240.50,3008.73,3124.48,3485.32,3628.29,3560.55,3521.94,3527.57,3330.41,2842.05,2461.73,2347.11"
5037c159-f289-40a4-beb6-156f96ca9ce5 "447.96,330.33,302.39,337.25,324.58,315.72,338.17,377.94,362.81,401.51,611.39,767.57,517.51,362.69,553.07,1048.62,972.41,586.74,747.05,1574.32,1887.30,1473.94,989.35,750.28,560.81,432.43,356.40,306.36,285.01,308.66,403.57,473.42,452.59,485.42,598.64,582.34,445.95,450.29,755.65,1024.49,747.54,544.36,957.28,1854.74,2031.23,1619.59,1152.88,901.50,611.16,436.64,404.92,382.36,312.19,300.04,443.09,609.08,489.61,368.14,439.93,648.39,698.77,612.57,699.93,773.53,668.34,732.07,1392.97,2052.93,2071.67,1756.33,1436.02,1093.40"
94ef1d46-46b6-4b39-a0c3-497472af8ff7 "13302.52,13407.08,13415.40,13246.95,13324.87,13976.14,14696.37,14401.67,14095.79,14414.29,14964.92,15009.24,14798.88,14911.14,15059.70,15087.93,15169.27,15275.62,15134.09,14754.75,14601.08,14709.65,14408.03,13678.27,13387.14,13485.62,13544.09,13416.60,13517.85,14126.15,14656.80,14569.39,14586.26,15055.92,15410.56,15274.24,15130.03,15336.70,15516.44,15505.70,15550.53,15641.56,15473.74,15106.54,15013.34,15106.42,14663.34,13789.38,13462.74,13584.98,13708.78,13576.41,13599.54,14006.30,14443.08,14551.12,14716.62,15038.66,15107.92,14905.71,14981.86,15379.17,15548.21,15449.17,15515.75,15752.88,15722.76,15423.72,15243.91,15154.13,14592.13,13799.42"
4318f21d-c4a1-48b3-86d7-684e56912be9 "449.68,556.08,591.55,459.51,409.91,510.65,782.08,820.12,584.93,553.76,819.95,1324.55,1545.64,1553.44,1681.81,1818.78,1787.52,1624.88,1484.83,1381.90,1182.11,840.94,589.24,477.53,451.33,485.77,518.17,484.52,482.47,647.19,957.04,909.41,612.32,573.13,947.15,1530.97,1607.39,1414.83,1525.60,1823.02,1916.79,1738.35,1479.31,1325.24,1084.65,792.46,622.22,539.12,486.01,472.66,498.14,535.64,608.26,751.49,902.54,846.96,694.42,744.88,1143.49,1517.91,1471.91,1435.38,1750.42,2020.78,2026.10,1829.24,1650.12,1484.11,1120.55,810.77,704.00,598.55"
b0409257-0346-47f9-b219-fe34a2790b9b "67.25,68.59,68.00,65.84,65.00,65.29,66.26,67.54,68.78,68.95,67.92,67.88,69.49,70.80,70.10,69.44,70.48,72.44,73.29,72.64,71.52,70.42,68.84,67.58,67.35,67.76,67.34,65.99,65.21,65.25,66.05,67.52,68.38,67.64,66.82,67.43,69.55,70.82,69.31,68.30,70.32,74.67,76.36,74.58,72.82,71.79,70.19,68.56,68.04,67.84,66.76,65.72,65.58,66.01,66.55,67.15,67.53,67.14,66.85,67.86,70.09,70.37,68.11,67.54,71.24,77.68,79.21,76.79,75.03,74.26,72.47,70.19"
f7b58aa6-c652-49ef-b113-918c65bd44b3 "81.86,79.29,84.76,89.66,93.09,107.20,137.55,160.24,164.05,173.08,195.01,207.72,212.57,224.35,238.29,243.79,240.32,232.01,223.83,214.43,187.46,136.49,100.99,90.94,89.25,87.03,86.57,90.54,95.00,107.82,141.96,175.72,168.08,144.98,156.70,196.71,213.89,203.93,202.89,221.40,231.94,225.62,210.79,196.70,170.94,130.24,103.03,92.50,89.14,88.50,89.72,93.42,104.97,128.78,154.25,159.43,150.57,157.38,188.88,216.80,221.51,220.62,234.72,248.25,249.32,238.88,224.99,212.87,181.36,132.89,107.61,101.30"
ad32cba7-5559-48e9-b193-f820790c812a "147.32,138.55,109.10,76.15,60.16,54.46,55.60,71.04,108.92,140.58,146.29,140.52,141.30,147.20,147.94,144.04,143.27,143.63,145.16,150.48,155.44,156.11,154.85,153.32,150.27,139.14,109.46,76.41,59.97,57.28,65.81,87.03,113.64,134.25,146.59,151.74,150.79,143.78,132.26,126.01,133.23,145.13,150.46,151.40,154.93,159.91,159.75,154.02,148.50,136.95,108.68,78.57,65.45,63.53,66.66,75.76,94.49,121.31,142.59,151.74,149.34,139.19,129.72,131.30,144.24,154.71,157.96,162.02,169.02,171.03,164.29,151.99"
17cf7aca-35d2-4d3c-966a-1e436e9da42f "512.22,471.35,429.93,403.64,393.40,388.67,385.76,393.75,429.81,484.11,486.90,460.43,484.79,577.58,635.13,598.91,536.95,530.49,587.78,683.77,739.07,757.64,762.56,717.68,608.91,508.88,452.01,414.45,393.56,391.25,405.16,430.63,450.74,466.49,467.21,470.63,533.34,646.39,679.72,602.26,519.85,527.04,634.98,740.30,748.67,750.18,801.60,808.20,707.03,544.16,449.37,407.40,392.43,402.91,437.82,464.06,453.10,452.36,475.53,521.49,608.59,677.89,658.71,573.09,522.19,561.48,663.81,721.00,711.73,752.58,845.09,864.31"
e6fdd9d7-2a8c-4134-bfda-338ca96e8b42 "6538.79,6426.51,6273.83,6201.11,6257.49,6404.01,6578.09,6662.82,6596.07,6499.41,6438.96,6329.53,6019.37,5451.12,4957.71,4719.92,4649.57,4784.34,5250.90,5892.11,6359.84,6683.56,6928.76,6950.15,6654.52,6206.31,6041.35,6144.23,6267.36,6373.51,6556.67,6714.50,6692.01,6534.98,6406.13,6245.55,5827.43,5283.09,4945.21,4840.31,4859.71,4962.78,5181.19,5539.59,6075.70,6687.51,7017.34,6941.53,6602.60,6279.62,6151.37,6203.35,6312.67,6460.92,6731.05,7039.35,7158.87,7029.38,6742.18,6360.58,5825.30,5314.44,5057.99,5004.92,5010.21,5025.89,5187.42,5633.03,6245.90,6735.67,6976.34,6988.89"
61412610-9fd5-4ec6-86e9-ba6913dfa9d4 "36.48,36.32,36.69,36.48,35.79,35.59,35.99,36.38,36.47,37.10,38.33,38.63,37.64,37.36,39.29,42.92,44.38,43.06,41.16,39.86,39.58,40.66,41.38,39.19,36.67,36.17,37.01,37.08,35.92,35.41,35.64,36.31,37.51,38.76,39.14,37.78,36.82,38.30,43.18,46.10,44.78,43.59,44.03,44.08,42.66,42.05,42.11,39.61,37.03,36.77,37.87,37.54,35.94,35.30,35.73,37.72,40.06,39.94,37.78,36.43,37.09,40.98,45.12,44.27,41.96,43.05,46.24,46.68,43.95,42.31,41.84,39.67"
63f8082a-8763-4454-bb18-befb68a6888d "1040.23,1048.10,1044.82,1038.69,1036.93,1035.12,1032.00,1037.24,1061.68,1082.12,1065.51,1046.47,1045.06,1048.75,1046.78,1043.51,1044.16,1045.98,1055.61,1074.10,1078.02,1051.91,1036.75,1041.09,1048.45,1041.24,1032.65,1032.19,1033.29,1031.98,1035.10,1052.57,1074.11,1067.80,1050.90,1046.20,1047.50,1045.50,1042.74,1042.01,1039.45,1040.96,1056.59,1082.92,1081.75,1052.09,1036.41,1038.06,1045.02,1041.98,1031.89,1026.72,1027.19,1033.61,1045.76,1059.78,1065.10,1058.39,1051.28,1049.02,1047.14,1043.30,1040.82,1039.17,1036.76,1042.24,1064.94,1091.93,1080.45,1046.72,1035.04,1039.91"
abf06b16-9024-4972-9f6a-23825405ef47 "2470.09,2470.61,2465.15,2458.88,2456.45,2458.42,2461.52,2462.84,2464.18,2469.41,2478.07,2481.07,2475.67,2471.13,2473.10,2477.75,2478.12,2473.55,2469.45,2469.10,2470.90,2472.05,2470.66,2467.46,2465.10,2465.13,2465.52,2463.00,2459.63,2459.65,2463.37,2466.36,2466.25,2467.09,2471.41,2475.23,2473.65,2470.12,2469.92,2472.70,2473.63,2470.71,2467.41,2466.86,2468.48,2469.59,2468.30,2465.67,2464.35,2465.00,2465.77,2464.66,2462.80,2462.69,2464.69,2466.68,2467.07,2466.99,2467.98,2469.34,2469.42,2468.42,2467.92,2468.40,2468.81,2468.22,2467.05,2466.37,2466.66,2467.33,2467.17,2465.86"
bbf264fb-565a-4640-b502-34b6f442d369 "279.99,279.58,278.77,277.37,277.50,279.77,283.04,286.16,289.97,293.41,293.25,290.44,290.09,293.25,294.93,294.00,293.89,296.05,296.58,294.30,292.14,291.55,289.26,284.39,281.28,280.72,280.30,278.76,277.96,279.51,283.70,289.39,293.33,294.22,292.78,291.56,292.58,294.03,293.21,291.81,293.81,297.55,298.48,296.18,293.94,293.29,290.38,285.30,282.57,281.96,280.44,278.35,278.36,281.26,285.22,287.62,289.68,292.34,293.88,294.26,294.71,294.68,293.79,294.36,297.62,300.37,300.45,298.96,297.76,296.15,292.00,286.55"
01f0df43-1f65-4ae5-b99c-822474b47572 "208.02,207.67,207.06,206.61,206.30,206.41,207.42,209.05,209.43,208.83,208.78,209.30,209.43,209.04,208.94,209.20,209.41,209.78,210.36,210.48,209.74,208.74,208.36,208.82,209.45,208.80,207.32,206.49,206.45,207.27,208.63,209.28,208.90,208.72,209.68,210.91,210.66,208.97,208.18,208.65,209.71,210.59,210.80,210.40,209.67,209.10,209.31,209.86,209.53,208.27,207.34,207.18,207.57,208.02,208.11,207.96,208.04,209.44,211.60,212.06,210.41,208.74,208.70,209.97,211.15,211.06,210.77,211.05,211.29,211.38,211.04,210.15"
7928e882-dc83-4e9c-a720-d2caf514b0f0 "475.91,474.34,473.40,472.33,471.77,472.46,473.27,473.93,477.14,484.13,489.26,489.28,488.90,491.46,493.99,493.69,491.16,489.21,487.95,485.80,483.71,482.47,480.35,476.40,473.32,472.85,473.31,472.52,471.57,472.21,474.34,477.39,481.09,484.69,486.51,487.23,489.04,492.15,494.05,493.45,492.16,492.54,493.15,491.75,488.84,486.51,483.91,479.31,475.60,474.37,473.43,471.67,471.06,473.01,477.04,480.12,481.70,483.89,486.80,489.64,492.41,494.45,494.79,494.07,494.05,494.52,493.55,490.62,487.76,485.86,482.78,478.28"
aeb680cc-c431-4cd9-8c43-c8a6f5809c01 "62.74,56.85,53.52,52.56,55.86,67.45,78.61,78.67,80.60,91.11,101.18,99.98,92.32,86.05,79.12,73.42,78.02,90.56,102.19,112.52,125.08,123.98,99.02,73.63,63.17,57.62,54.82,56.68,63.75,71.85,75.91,81.59,89.30,90.57,94.60,106.90,111.05,93.33,73.25,70.75,87.30,104.75,106.10,113.70,133.99,140.16,118.78,81.74,64.67,59.13,56.75,58.20,65.11,75.39,80.98,85.58,92.73,98.69,108.73,118.23,116.55,98.22,79.05,75.50,86.76,100.18,101.69,110.60,133.88,143.41,126.18,88.53"
438bb06b-8bc3-4ef2-a1a2-a691ed1ecc20 "2302.01,2320.43,2351.88,2387.60,2415.72,2431.18,2441.14,2449.98,2457.85,2465.08,2482.13,2517.92,2563.05,2599.67,2614.62,2603.54,2570.77,2537.70,2522.14,2520.72,2517.80,2510.93,2545.03,2649.33,2781.77,2844.89,2823.08,2790.74,2792.58,2812.32,2823.25,2825.09,2819.11,2817.90,2837.87,2872.67,2874.61,2809.76,2743.69,2754.86,2807.93,2801.32,2742.79,2727.57,2770.80,2809.64,2827.12,2878.11,2963.96,3019.94,3013.32,2988.41,2985.19,2995.19,2995.60,2980.94,2964.83,2960.23,2972.76,2989.37,2987.24,2965.09,2950.52,2958.51,2969.45,2958.24,2934.55,2926.57,2941.41,2962.87,2980.06,2996.83"
a25fb90a-98c2-48ae-ad70-13f9b06c60ba "196.53,196.98,197.72,196.90,195.13,194.04,193.80,195.15,198.92,202.08,200.92,198.04,197.71,201.63,204.72,202.16,197.46,196.31,198.66,201.83,201.58,198.41,196.73,196.65,198.00,199.09,197.49,195.06,193.63,194.01,197.04,200.40,199.71,197.96,198.75,202.26,205.69,205.86,203.48,201.64,201.12,201.66,203.02,203.26,202.06,200.52,199.16,199.91,201.74,200.65,197.16,194.29,194.28,198.29,201.99,199.58,195.77,196.14,201.53,206.20,205.53,202.24,201.51,202.31,203.29,203.19,201.56,200.57,200.40,200.66,201.94,202.34"
5afa4cbd-c268-4626-a9a2-2da50010bc14 "96.95,106.55,113.89,122.75,133.74,144.68,151.59,153.56,148.26,131.65,106.41,91.48,88.23,86.59,81.98,80.78,85.59,91.44,89.01,84.46,84.22,86.54,91.99,103.12,115.50,120.53,120.25,128.68,148.17,162.37,165.81,167.16,166.69,152.04,118.82,93.58,85.70,83.86,82.68,82.42,84.71,87.63,86.91,85.11,84.65,88.32,98.57,109.27,110.30,106.06,107.44,123.53,147.01,157.83,158.25,162.95,168.35,157.78,120.46,91.11,83.97,82.51,81.35,82.76,87.67,90.11,87.15,86.19,90.03,96.62,103.67,109.20"
1d62593d-98de-448b-87f3-9dacc1fe3b19 "473.51,452.91,449.23,454.29,448.53,439.29,437.19,440.42,442.44,444.41,449.65,452.43,445.61,438.72,444.96,475.62,506.03,492.52,470.12,471.87,493.66,513.77,516.91,503.93,476.71,455.37,453.31,460.27,450.65,435.28,432.01,440.88,458.26,459.70,452.03,449.27,445.22,444.79,464.51,505.51,511.60,481.95,472.03,502.25,540.43,545.95,537.41,524.38,499.13,477.51,473.79,471.91,451.56,434.65,433.26,448.30,467.42,460.39,444.57,439.42,443.63,463.09,496.41,505.92,476.86,455.99,473.04,529.38,556.66,539.43,530.61,540.95"
674cf614-e840-4b08-9102-dc4831e7ec97 "113.57,110.92,110.25,110.86,111.11,110.87,111.07,112.96,116.08,117.02,117.09,117.09,114.80,113.64,117.98,127.19,130.26,125.61,119.63,117.32,116.35,114.77,114.42,114.68,113.01,111.23,111.86,113.23,111.75,108.56,108.30,113.46,125.72,123.92,115.65,113.49,116.45,120.96,124.04,126.93,128.64,128.08,126.14,123.77,118.66,114.84,113.75,112.68,111.52,112.41,114.66,114.57,110.97,108.83,110.87,122.84,128.70,120.81,113.44,114.20,119.77,122.91,121.74,122.24,125.72,129.66,131.29,128.06,119.22,112.88,110.75,111.20"
f08dbde2-c3ab-4f11-83ab-57f9fcd688c6 "848.61,852.43,852.83,847.28,842.58,842.88,845.62,846.32,845.41,845.30,846.28,847.65,848.71,848.52,846.82,845.07,844.94,846.31,848.46,850.79,852.61,852.40,849.75,846.76,845.38,845.01,842.93,838.89,835.81,835.62,837.39,838.65,838.18,837.04,837.08,838.53,839.76,839.33,837.41,835.65,835.79,838.26,841.07,841.84,840.98,840.22,839.52,837.87,835.95,834.63,833.08,830.59,828.57,828.57,830.02,830.88,830.14,828.95,828.93,830.23,831.41,830.77,828.69,827.52,828.81,831.57,833.19,832.53,831.20,830.75,830.79,830.17"
2e248334-532d-4dfc-bf0f-c07fe667bd71 "30.60,30.50,30.07,29.75,29.72,29.86,30.01,30.08,30.16,30.33,30.61,30.95,31.11,31.03,30.84,30.67,30.64,30.68,30.70,30.79,30.95,31.02,30.93,30.76,30.53,30.16,29.81,29.66,29.71,29.92,30.14,30.23,30.28,30.47,30.78,31.01,31.02,30.88,30.79,30.80,30.77,30.62,30.55,30.71,30.96,31.06,31.04,30.91,30.63,30.22,29.87,29.73,29.76,29.90,30.03,30.12,30.28,30.55,30.75,30.81,30.84,30.92,31.01,31.04,30.95,30.77,30.72,30.85,30.97,30.98,30.95,30.87"
a9842951-a198-4221-abe9-53860b3fdcb3 "168.16,168.88,166.68,163.05,161.09,161.16,162.81,165.13,166.97,169.20,172.35,175.09,175.81,174.69,173.33,172.38,171.34,169.82,168.77,169.02,169.99,170.27,170.02,170.34,170.70,169.62,166.99,164.41,162.65,162.03,162.67,164.28,165.99,167.68,170.37,173.47,175.01,174.30,172.51,171.04,170.31,169.90,169.35,169.11,169.99,171.69,172.76,172.63,171.75,170.29,168.06,165.51,163.52,162.81,163.53,165.04,166.70,169.18,173.28,177.28,178.79,177.92,176.39,175.26,173.81,171.47,169.51,169.41,171.04,173.12,174.51,174.91"
b574c728-d02c-43a7-8829-9d47313fe962 "106.63,106.71,107.28,108.70,110.43,111.80,113.30,115.45,117.08,117.19,116.82,116.09,113.64,110.31,108.50,108.32,108.17,107.24,106.63,107.06,107.83,108.00,107.81,107.77,107.77,107.79,108.32,109.56,110.65,110.86,111.31,113.10,114.79,114.12,112.30,111.38,110.83,109.54,108.26,107.89,108.06,107.95,107.66,107.75,108.14,108.37,108.30,108.15,108.08,108.26,108.82,109.51,109.80,109.83,110.36,111.49,112.08,111.37,110.31,109.80,109.56,109.09,108.55,108.29,108.23,108.17,108.19,108.35,108.46,108.39,108.33,108.43"
a508f764-de90-466c-a229-037d9d2a0276 "314.06,309.63,307.22,306.61,306.45,305.99,306.53,309.67,314.52,317.59,318.51,319.50,319.77,318.37,317.72,319.66,321.62,320.26,318.63,319.78,321.34,319.48,316.27,313.92,311.33,308.19,306.36,306.40,306.75,306.24,306.34,308.60,312.17,314.40,314.58,314.07,313.84,314.30,315.60,316.89,316.63,315.43,315.31,316.55,316.94,315.13,312.44,310.28,308.58,307.17,306.49,306.48,306.41,306.12,306.54,308.31,310.48,311.32,310.88,310.60,310.99,311.72,312.62,313.23,312.83,311.87,311.85,312.93,313.19,311.34,309.00,307.77"
7e266947-30cf-4384-9af9-867716e38883 "390.47,377.02,367.69,374.55,388.01,391.48,388.79,399.59,421.37,427.25,418.10,410.12,410.12,408.97,402.40,395.85,391.42,389.56,393.89,400.27,400.62,392.93,386.40,386.16,386.77,381.28,375.23,377.71,384.56,386.11,386.19,395.25,407.00,406.41,399.79,401.66,406.42,399.37,387.79,387.00,392.46,393.25,393.47,399.41,401.54,392.44,384.05,384.67,383.90,374.91,369.38,374.29,385.35,392.34,397.44,407.50,417.97,422.46,424.03,425.51,422.79,411.78,400.65,398.97,399.50,396.60,397.58,406.10,410.80,404.91,397.71,396.93"
7845f591-4f25-40c7-b207-bc69268d772f "2155.24,2134.23,2119.35,2113.67,2116.37,2126.40,2141.23,2156.06,2168.40,2184.98,2210.30,2234.91,2247.53,2250.83,2248.14,2243.14,2240.73,2239.66,2237.95,2236.26,2234.09,2224.97,2208.77,2185.97,2156.90,2130.10,2115.73,2113.72,2121.69,2137.00,2152.45,2163.99,2175.35,2195.33,2223.45,2244.27,2251.49,2251.60,2252.81,2254.08,2248.30,2234.13,2224.19,2225.69,2227.07,2219.72,2204.70,2181.69,2151.54,2127.52,2117.05,2116.80,2123.77,2136.16,2150.91,2165.41,2180.81,2198.03,2212.58,2223.34,2234.76,2248.48,2259.48,2262.31,2256.55,2247.80,2243.37,2241.38,2236.06,2225.53,2210.27,2185.78"
7f763e3d-f9df-4736-bf49-e3b8d1d4704b "308.47,307.92,310.71,318.17,326.36,334.41,343.73,351.65,353.17,349.34,347.09,350.48,358.70,367.21,371.01,369.52,369.24,376.09,384.27,381.17,365.11,350.22,347.29,353.42,360.12,362.15,360.88,360.38,363.80,371.20,378.24,378.82,373.64,372.40,379.26,386.62,385.65,379.04,376.71,381.46,387.17,387.74,385.17,382.82,380.07,376.05,373.98,377.21,382.72,385.10,383.81,383.42,386.37,390.48,391.83,389.56,387.13,387.97,391.33,393.29,391.91,389.86,390.44,393.16,394.99,394.26,392.02,389.86,388.52,388.18,388.64,389.23"
df2d8690-7754-41d1-90b0-cc81884f8b64 "1215.51,1003.57,932.77,913.67,952.37,1115.64,1406.56,1540.95,1496.67,1440.95,1422.64,1387.43,1343.91,1359.78,1415.02,1419.71,1430.69,1543.83,1657.42,1698.25,1696.96,1698.74,1672.08,1531.05,1250.63,1035.19,947.11,931.10,992.61,1177.09,1414.25,1522.94,1518.91,1490.75,1456.95,1379.44,1292.57,1289.42,1349.23,1411.71,1509.00,1632.52,1702.20,1717.79,1729.13,1743.44,1723.28,1584.36,1297.90,1076.01,982.36,963.49,1020.15,1165.91,1330.43,1445.22,1529.42,1565.88,1514.03,1356.05,1222.46,1229.18,1351.29,1466.27,1539.07,1631.18,1733.52,1778.50,1762.09,1719.38,1669.80,1540.25"
fc05243c-7884-43e6-bbca-60599ab57bd8 "1821.12,1774.38,1733.72,1694.30,1668.81,1670.92,1717.39,1821.06,1933.38,1986.95,2004.94,2030.19,2056.10,2070.58,2076.95,2078.27,2070.21,2060.29,2065.76,2086.11,2095.10,2073.78,2027.13,1976.12,1923.61,1857.75,1779.24,1723.55,1701.37,1711.17,1778.44,1905.10,2002.93,2021.92,2014.27,2037.18,2069.92,2057.27,2004.20,1976.94,1992.95,2011.05,2007.14,1994.64,1990.47,1984.16,1960.43,1931.52,1888.11,1806.25,1724.82,1686.61,1682.23,1701.34,1751.13,1825.90,1889.50,1933.84,1988.56,2043.46,2060.44,2042.26,2040.35,2081.13,2120.32,2126.61,2115.63,2114.91,2115.96,2093.15,2046.28,1991.30"
51badd1e-bd8c-477d-89ff-eae9ca09bde5 "22.47,20.28,18.04,18.43,19.53,19.85,20.43,21.76,22.50,23.01,24.04,24.40,23.22,20.72,19.95,21.12,21.54,20.56,20.24,21.13,20.60,17.91,16.74,18.15,20.44,19.91,18.62,19.40,21.02,20.89,19.21,18.70,19.84,21.59,23.09,23.95,23.54,21.94,21.15,22.19,22.66,21.49,20.92,21.94,21.95,19.32,17.32,17.52,17.99,17.80,18.68,21.23,22.59,21.70,20.63,21.41,22.57,23.14,23.76,24.60,24.52,23.07,21.68,21.57,21.04,19.61,19.69,21.80,22.57,20.43,18.11,18.00"
ab69d1a9-7592-4c7c-9f47-6c6b6b8261bd "1083.22,1086.62,1093.08,1094.16,1087.89,1081.52,1080.83,1085.81,1091.20,1089.40,1086.87,1089.01,1094.07,1098.49,1100.07,1101.95,1100.37,1095.05,1093.80,1097.06,1094.51,1085.47,1081.39,1082.25,1085.66,1091.35,1097.06,1096.70,1088.37,1083.45,1088.04,1096.15,1093.92,1085.66,1083.98,1090.21,1099.84,1102.08,1098.04,1095.79,1095.43,1096.96,1101.12,1101.10,1092.76,1083.49,1081.66,1085.99,1091.76,1092.64,1091.43,1091.46,1091.00,1092.04,1093.84,1092.10,1085.49,1081.30,1085.82,1100.42,1107.93,1102.15,1099.43,1104.14,1108.63,1109.38,1106.60,1102.02,1093.18,1085.60,1086.44,1092.04"
5cfd4757-af72-48b2-a93c-28fdc1f9191d "607.57,617.06,598.38,589.94,594.24,607.86,608.87,601.11,602.36,611.58,611.41,603.79,600.20,600.86,601.96,602.13,601.80,601.03,600.48,601.11,602.07,601.20,599.08,598.39,599.53,599.42,596.30,594.22,595.92,601.08,604.37,602.67,600.86,602.04,604.08,603.97,601.42,598.84,598.22,600.16,603.04,602.25,598.38,597.00,599.55,601.54,598.87,596.12,597.00,599.23,598.31,595.99,596.33,599.48,601.55,600.18,598.50,598.89,600.40,600.76,599.27,597.62,597.47,598.94,600.32,599.49,597.45,596.84,598.15,599.32,598.44,596.83"
055a70d3-f3d8-448a-873d-1176abb7b054 "99.04,99.14,99.29,99.20,99.20,99.53,99.98,100.35,100.81,101.07,100.90,100.70,101.11,101.85,102.05,101.59,101.22,101.46,101.85,102.03,101.85,101.46,101.31,101.86,102.81,102.99,102.30,101.88,102.31,102.81,102.76,102.73,103.15,103.58,103.56,103.53,103.74,103.65,103.04,102.71,103.06,103.38,103.20,103.02,103.17,103.34,103.35,103.58,104.08,104.34,104.12,103.90,104.03,104.28,104.33,104.21,104.17,104.26,104.38,104.44,104.41,104.28,104.17,104.23,104.35,104.33,104.19,104.14,104.22,104.30,104.30,104.36"
c112653f-2bf5-4610-917b-312dbd66e058 "100.07,100.52,101.23,101.47,101.52,101.78,102.20,102.81,103.76,104.61,104.58,103.99,103.83,104.38,104.73,104.23,103.67,103.74,104.08,104.03,103.79,103.75,103.93,104.36,105.07,105.64,105.41,104.82,104.90,105.74,106.25,105.97,105.91,106.58,107.10,106.65,105.94,105.77,105.95,105.98,105.83,105.76,105.84,106.00,106.13,106.19,106.31,106.68,107.16,107.37,107.17,106.94,107.06,107.40,107.53,107.38,107.31,107.48,107.64,107.56,107.34,107.23,107.26,107.31,107.29,107.23,107.15,107.14,107.24,107.38,107.42,107.43"
60706adc-302b-4284-b2dd-ace0e4427b54 "6805.37,5574.35,4743.64,4337.61,4043.53,3994.02,4588.82,6043.95,7447.21,7953.55,8028.24,8238.62,8543.87,8397.39,7680.22,6887.18,6629.69,6888.45,7194.19,7262.84,7368.01,7711.32,7953.45,7729.52,6913.51,5823.84,4868.72,4229.77,4080.67,4517.96,5411.12,6336.46,7390.40,8817.97,9872.58,10168.90,10058.94,9720.11,9022.91,8202.88,7769.63,7716.49,7711.14,7794.09,8187.71,8760.23,9044.39,8799.20,7983.38,6701.81,5480.71,4855.51,4847.49,5130.24,5391.67,5879.58,7114.79,8723.11,9545.23,9529.31,9319.02,9165.72,8768.65,8087.85,7478.27,7175.81,7175.25,7477.64,8044.05,8530.67,8588.77,8101.87"
d392ee45-c278-4c86-b910-d80a564cc36b "326.62,216.85,159.06,138.62,138.27,171.70,267.31,361.44,371.46,345.02,341.67,361.33,378.68,386.32,397.43,409.38,426.65,458.02,478.79,479.11,471.91,459.74,443.10,420.56,358.98,249.02,167.86,138.77,148.72,213.29,311.49,362.63,372.87,394.78,429.26,440.40,413.77,382.96,391.53,430.84,461.11,459.31,433.63,425.37,437.68,433.99,414.20,384.97,324.08,235.15,177.58,164.56,176.07,198.74,229.42,278.82,340.78,384.67,393.45,365.08,333.82,345.82,405.19,458.54,475.87,480.81,496.03,505.91,493.33,458.39,417.94,373.73"
aec309bc-76f1-48e0-af7a-16da43cba338 "81.44,82.15,82.79,82.35,81.75,81.67,82.38,84.54,87.74,89.18,87.89,87.17,89.15,91.55,91.00,88.63,87.77,89.08,90.73,91.05,89.71,87.18,84.68,83.38,83.45,83.81,83.54,82.94,82.74,83.18,84.13,85.38,86.25,86.26,86.08,86.75,88.05,88.49,87.51,86.46,86.63,87.63,88.28,87.99,86.92,85.56,84.54,84.35,84.71,84.73,84.16,83.77,84.11,84.83,85.30,85.44,85.56,85.76,85.98,86.27,86.58,86.61,86.27,85.97,86.12,86.56,86.74,86.38,85.69,85.11,84.91,85.02"
e33deeec-ae01-4af7-a7dc-a70add02fb61 "13719.43,8787.35,6365.62,5915.91,6355.97,7307.04,8839.20,10853.44,12726.12,14225.61,15920.53,17740.19,18683.14,18759.36,18833.17,19376.05,20343.43,21141.63,21413.64,21530.87,21655.05,21138.11,19558.83,16582.60,12221.11,8021.47,6068.58,5952.01,6996.96,8459.69,9488.64,10864.75,13341.92,16040.86,17981.24,19294.45,20048.10,20257.95,20486.59,21119.81,21564.56,21346.27,21107.91,21480.48,21728.15,20961.21,19042.95,16169.56,12160.94,8421.19,6834.40,6892.38,7567.88,8156.51,9085.87,11154.04,13719.17,15253.66,15601.02,15889.88,16915.16,18426.54,19926.42,20817.44,21099.63,21299.55,21674.25,21783.91,21282.54,20155.49,18495.23,15864.22"
3719cee3-b3c2-4db2-9199-71305ea83c14 "230573.15,222950.97,206474.75,185529.78,172186.68,168775.10,173967.74,187041.76,201694.89,212787.32,220758.73,224013.15,221386.65,213239.43,202482.12,194275.93,192847.46,198027.42,207512.31,218653.35,228642.08,235646.23,237799.14,235504.52,230984.13,222074.08,203705.19,182001.76,169980.71,168443.46,175412.63,187638.76,198082.65,208927.25,222417.76,229777.20,225830.28,213550.43,201421.72,193599.17,192099.12,198017.86,206939.61,214804.79,224401.09,234274.22,238132.18,235457.54,228233.62,217461.62,200930.22,182758.22,172828.54,171897.13,176807.17,183434.36,190826.49,202975.92,217881.91,224295.74,219501.84,209379.46,200122.68,193208.01,191906.83,197717.16,206431.92,215618.20,227794.10,237653.26,239789.63,234758.43"
3a24a891-d616-4e0a-8c6f-0c538608aaf3 "680.54,673.03,663.77,659.28,659.69,662.07,665.88,671.03,675.37,677.95,680.04,681.65,681.85,681.33,681.92,683.68,685.21,685.58,684.89,684.06,683.97,684.05,683.42,681.57,677.47,670.86,664.10,659.48,657.24,657.91,661.83,667.63,672.92,676.82,679.26,679.84,679.45,680.20,682.81,685.78,687.68,688.44,688.41,687.77,686.39,684.14,681.27,678.22,674.47,668.84,661.98,656.57,653.89,653.89,657.00,663.33,670.63,675.62,677.88,678.44,678.10,678.06,679.69,682.77,685.67,687.59,688.55,688.25,686.34,683.21,679.87,676.67"
dc9b9b6c-fbc7-41cf-ac36-19719d405b67 "1589.59,1332.28,1210.73,1201.89,1252.98,1323.42,1389.16,1460.31,1572.65,1734.78,1905.69,2050.03,2127.49,2166.59,2185.64,2191.19,2214.28,2263.55,2302.67,2328.40,2352.10,2337.81,2227.66,1947.54,1558.85,1272.68,1154.27,1153.54,1235.03,1348.83,1437.75,1535.44,1711.60,1921.84,2087.57,2203.53,2279.88,2323.22,2343.71,2340.77,2310.31,2269.13,2266.36,2300.52,2318.14,2277.65,2156.82,1916.60,1574.49,1312.43,1209.95,1205.96,1248.23,1323.06,1440.95,1591.73,1734.61,1828.46,1860.32,1899.80,2008.64,2157.53,2270.61,2311.33,2313.81,2325.80,2345.64,2335.60,2292.41,2230.09,2128.17,1916.32"
cdcdaeaa-2739-410f-9799-28fd0ef9aa7b "1959.81,1132.38,774.56,682.65,685.50,781.63,1047.70,1411.44,1574.47,1595.18,1747.52,2081.50,2341.90,2357.10,2333.66,2336.89,2285.64,2358.15,2609.82,2803.20,2848.54,2826.15,2781.46,2569.19,1940.42,1159.16,802.56,706.68,737.29,940.15,1321.64,1566.16,1532.51,1550.91,1814.47,2161.45,2274.18,2188.33,2197.27,2343.09,2497.18,2578.75,2625.03,2726.33,2848.55,2903.08,2858.73,2645.69,2023.09,1212.62,836.59,768.57,843.83,1029.07,1262.30,1431.05,1558.54,1791.82,2053.45,2101.94,1990.71,2037.44,2332.40,2610.78,2682.44,2660.07,2759.65,2914.34,2962.53,2903.27,2807.32,2598.75"
8d904cf0-0d9f-49fc-a0a4-16e8402bdb4b "4797.36,3846.44,3291.22,3147.77,3426.10,4061.68,4808.20,5519.68,6184.67,6707.33,7356.53,8233.51,8951.33,9245.62,9233.07,9394.43,9827.47,10023.43,9809.22,9572.02,9417.98,8807.42,7343.83,5542.68,4347.97,3578.57,3119.23,3090.51,3659.44,4682.50,5356.59,5732.11,6341.78,7300.72,8448.98,9390.77,9893.30,10036.31,10113.18,10315.56,10377.58,10061.95,9588.80,9480.00,9413.91,8729.56,7206.97,5497.96,4318.45,3638.08,3346.99,3482.59,4071.23,4795.89,5287.86,5769.19,6463.18,7052.44,7388.04,7815.92,8543.12,9268.70,9734.24,9965.97,10002.62,9879.18,9651.72,9433.14,9154.53,8539.00,7329.15,5654.45"
d44ae155-39b3-4526-8068-1c087de35631 "1636.82,1106.07,807.03,728.01,738.69,804.35,958.86,1186.48,1387.16,1554.54,1750.42,1948.16,2061.34,2092.38,2129.83,2172.17,2214.48,2266.76,2299.18,2295.06,2266.72,2216.47,2118.78,1912.26,1498.38,1025.69,788.92,753.77,800.95,875.08,990.38,1176.10,1381.84,1562.07,1730.99,1883.39,1985.52,2057.44,2165.96,2286.13,2350.79,2357.16,2351.74,2355.92,2336.17,2258.01,2122.07,1901.78,1501.46,1055.61,834.88,795.11,817.98,864.97,983.47,1214.37,1469.98,1641.73,1731.66,1783.82,1856.66,1984.16,2149.47,2263.35,2299.55,2312.05,2337.66,2337.06,2270.12,2152.23,2020.40,1826.53"
fe612e78-3590-477a-a6e0-71aee4bdcf79 "1851.56,1110.94,816.78,750.01,767.60,877.49,1160.43,1521.82,1670.27,1681.79,1797.58,2059.92,2278.28,2302.96,2301.23,2325.65,2414.27,2644.05,2869.45,2960.51,2996.71,3016.53,2948.41,2656.22,1967.60,1214.16,851.00,761.34,816.35,1029.77,1353.45,1580.30,1687.71,1856.72,2119.59,2346.13,2409.90,2366.02,2370.90,2462.78,2589.80,2670.52,2713.51,2802.22,2919.17,2960.03,2871.20,2585.17,1955.20,1237.34,904.54,864.75,954.41,1087.27,1238.39,1438.74,1689.18,1921.61,2045.83,2012.74,1979.95,2103.39,2383.09,2629.07,2727.45,2786.91,2932.64,3056.44,3068.38,2985.97,2857.67,2595.65"
69f7e067-921a-4cd6-a77c-7ce2d52db362 "146.57,142.52,145.07,135.94,127.95,132.60,146.52,153.84,155.66,168.29,187.44,193.57,193.90,207.37,228.35,240.41,251.07,260.47,261.83,262.34,280.50,303.60,284.33,218.46,174.07,167.68,159.69,137.82,128.35,135.53,150.58,155.15,157.35,171.48,184.66,182.96,184.40,205.48,231.36,236.91,228.91,238.29,265.29,292.13,308.51,316.55,304.23,256.65,203.41,174.84,159.21,143.81,135.65,138.64,150.20,163.46,171.15,175.51,173.86,177.93,203.63,238.61,244.60,224.15,219.79,255.49,302.05,320.78,327.82,346.11,351.77,313.76"
14b62f66-8767-4b3d-9548-e004a83fe649 "84.12,84.70,84.89,84.31,83.84,83.86,84.18,84.38,84.44,84.53,84.55,84.30,84.09,84.18,84.45,84.49,84.22,84.01,84.01,84.04,84.01,84.01,84.11,84.18,84.20,84.26,84.37,84.32,84.12,84.02,84.12,84.30,84.37,84.31,84.22,84.16,84.18,84.28,84.32,84.23,84.12,84.14,84.17,84.12,84.07,84.12,84.21,84.22,84.21,84.26,84.31,84.24,84.14,84.14,84.24,84.30,84.27,84.22,84.21,84.22,84.23,84.25,84.25,84.21,84.16,84.16,84.19,84.19,84.17,84.16,84.20,84.23"
0d3381f6-962d-4220-9069-96437e2c339d "234715.67,228276.69,214396.77,192376.97,175346.79,170511.61,176180.72,190378.53,204603.79,214432.64,221381.24,224206.43,220885.41,211581.10,199658.39,190732.68,189354.11,195745.51,206762.22,217604.14,226148.38,232399.58,234491.67,232577.84,228568.13,219239.39,201011.74,181732.79,171310.52,170012.14,176772.19,188728.03,199313.72,211036.16,225197.69,232095.50,227236.82,214736.82,203664.75,196053.37,194176.37,201222.93,212694.55,221649.26,230577.13,239286.30,242592.19,239479.04,230739.62,219253.83,204189.23,186618.24,175711.77,174021.06,178518.21,184926.96,192491.75,204727.87,219401.89,225501.40,220793.21,210668.00,200681.70,192670.11,190860.49,197268.56,206793.56,215884.08,227458.69,237341.44,239380.76,233459.18"
7c0bee64-c3b7-4662-b1a0-6a62f106b225 "1045.58,1094.00,1177.51,1154.63,1126.10,1156.47,1190.15,1230.53,1430.79,1845.23,2055.07,1955.41,2045.74,2489.77,2747.06,2649.16,2390.77,2241.48,2003.35,1568.53,1306.83,1227.34,1133.48,1038.29,1020.06,1094.70,1217.52,1201.97,1135.55,1167.43,1315.25,1484.66,1609.65,1721.06,1805.85,1949.23,2295.62,2637.15,2720.01,2633.64,2575.60,2509.52,2154.15,1584.67,1315.88,1221.86,1114.57,1046.07,1071.04,1183.83,1213.16,1128.03,1135.55,1329.11,1597.10,1624.99,1543.14,1608.07,1791.17,2047.01,2360.31,2597.11,2687.74,2725.56,2757.35,2664.63,2238.90,1588.27,1265.17,1160.09,1112.68,1101.62"
0a9da3f4-ba4b-4a13-8455-86809acb3cea "941.76,925.98,919.92,917.67,917.13,918.21,921.53,925.99,927.77,928.26,929.18,932.17,939.00,946.77,948.66,944.28,936.06,935.36,949.96,971.76,978.25,976.08,976.14,969.89,950.37,930.46,922.54,919.17,917.67,918.75,924.38,931.02,929.74,926.69,928.23,938.60,955.11,960.07,950.77,940.28,935.82,943.01,960.93,972.61,972.76,976.94,986.17,983.24,957.46,929.97,921.86,918.89,918.11,921.77,931.74,935.05,927.53,926.06,935.65,953.54,960.57,953.72,945.37,940.36,940.63,948.79,961.20,967.67,969.76,981.71,992.42,988.15"
030d0e35-3086-4538-825e-a0dc4b9172c9 "2020.98,1319.43,1041.92,969.31,979.94,1076.08,1311.53,1625.23,1788.13,1864.97,2077.92,2413.93,2609.18,2548.71,2471.49,2423.21,2326.77,2407.23,2766.82,3133.64,3306.46,3367.45,3339.99,3031.10,2279.87,1521.06,1168.22,1048.22,1044.21,1186.47,1509.08,1779.37,1808.00,1871.68,2197.79,2651.07,2826.41,2673.91,2515.42,2462.76,2431.16,2472.92,2681.30,2950.44,3173.82,3371.59,3460.34,3227.60,2402.40,1522.27,1174.30,1091.88,1148.83,1369.84,1691.12,1835.61,1840.08,2025.72,2390.33,2588.82,2517.56,2465.39,2582.34,2705.86,2659.60,2605.90,2853.56,3218.87,3440.85,3562.70,3625.55,3436.33"
6ac1193e-f299-42b3-ac59-041285a3ab5e "1243.14,750.66,525.85,465.41,483.98,581.84,780.45,991.23,1078.99,1096.83,1189.25,1388.64,1544.87,1547.04,1512.64,1494.19,1479.07,1561.73,1744.14,1897.97,1976.56,2009.29,1984.78,1812.87,1376.23,848.88,564.96,474.26,498.55,655.04,907.94,1051.99,1053.34,1107.48,1300.52,1511.91,1568.26,1505.23,1490.95,1563.52,1641.18,1665.99,1695.12,1808.77,1944.46,2016.50,2006.34,1858.23,1423.04,851.23,563.27,504.99,568.32,714.34,877.85,997.35,1104.93,1265.00,1398.22,1388.78,1316.06,1360.64,1546.04,1726.43,1774.71,1762.72,1864.67,2026.52,2099.72,2081.52,2033.34,1903.99"
ae42e4db-f9b9-46f0-91c0-ad5d0c4987be "380.51,379.45,381.01,381.46,378.64,377.26,379.08,384.91,388.17,386.20,385.43,386.73,387.90,390.15,394.67,397.93,396.38,393.53,394.53,396.75,394.60,389.96,387.05,384.76,382.18,381.87,383.04,381.63,377.95,377.10,381.54,391.81,391.81,384.63,383.00,387.23,391.97,393.01,392.30,392.34,392.61,395.24,399.17,398.77,393.57,389.38,388.24,387.00,384.87,383.41,382.85,380.69,378.37,379.58,386.50,390.91,385.48,381.75,384.83,393.17,396.16,391.92,390.33,394.09,399.75,403.21,403.00,400.59,397.48,394.65,393.71,392.63"
a5328c75-a45f-4737-87f4-f0733dc673b5 "377.11,376.53,377.27,377.35,376.16,375.84,377.56,381.70,384.48,385.01,385.85,386.67,385.74,385.04,386.92,389.70,389.46,387.09,386.71,388.31,388.55,386.27,383.25,380.29,378.07,377.40,377.70,377.47,376.42,376.15,377.95,382.44,385.77,385.26,384.25,384.72,385.50,386.28,387.66,388.50,387.75,387.81,391.04,394.21,393.02,389.03,385.73,382.77,379.73,378.39,378.51,378.06,376.60,376.37,379.36,385.52,386.65,383.33,382.81,385.87,388.73,388.90,387.33,386.21,386.82,391.19,396.96,398.88,397.11,394.22,391.31,387.17"
afa455f0-8192-43a7-8277-19fef93f884c "326.33,305.46,298.32,297.19,298.25,301.45,308.74,316.97,318.44,315.98,322.94,343.98,356.64,348.40,335.29,332.04,335.25,339.39,344.15,351.33,359.95,365.20,363.14,352.53,332.05,310.60,299.83,297.90,301.51,309.31,315.05,315.26,316.23,322.49,335.93,351.61,356.82,349.32,339.92,338.98,340.69,337.20,336.81,345.71,358.68,366.61,367.75,358.67,334.54,309.94,300.70,301.19,307.46,313.48,315.20,317.19,324.53,333.66,339.06,341.66,345.15,347.11,347.48,349.01,344.34,335.97,340.13,354.88,365.58,369.10,370.24,364.74"
fd8dfb3b-bdb2-4d40-bf83-638662f2717b "1560.56,1443.61,1416.32,1462.71,1482.59,1419.84,1470.12,1833.64,2228.69,1871.63,1623.71,1839.46,2344.45,2288.19,1891.68,1916.34,2301.07,2648.81,2733.57,2946.39,3271.97,2977.97,2110.06,1693.37,1596.83,1561.88,1519.01,1488.20,1464.26,1483.52,1643.48,2000.81,2071.93,1748.31,1666.37,2020.67,2513.21,2283.19,1771.43,1711.23,2137.17,2872.18,3168.10,3272.72,3434.69,3156.40,2406.26,1939.51,1716.76,1547.86,1477.20,1511.11,1581.18,1602.71,1650.48,1891.47,2019.38,1781.23,1753.25,2267.84,2854.76,2437.36,1742.83,1710.23,2495.31,3561.35,3589.79,3377.06,3626.33,3626.69,2911.94,2075.61"
7589ec5d-1262-4e99-b255-7b2141695664 "319.54,316.02,320.11,315.10,325.32,377.69,421.75,379.10,320.92,311.39,326.33,325.48,324.35,337.10,346.28,343.94,365.50,459.89,541.57,448.36,332.15,317.29,365.06,380.91,348.70,327.25,337.00,342.75,350.09,382.95,394.63,350.12,312.58,331.25,381.13,379.09,333.71,324.44,360.05,385.64,389.54,410.88,435.40,405.40,353.92,342.63,363.93,373.11,357.10,343.45,345.35,354.64,368.57,380.85,372.16,348.73,341.68,360.24,376.21,362.77,343.12,347.36,369.49,383.45,384.74,386.37,385.69,373.31,360.50,361.21,367.68,364.33"
c41ba638-a65b-4931-92c9-860aa5d710fa "152.98,156.26,160.22,162.82,164.14,165.08,166.00,166.70,167.26,167.77,168.96,171.39,174.45,176.94,177.99,177.30,175.16,172.94,171.81,171.61,171.36,170.91,173.10,179.89,188.64,193.00,191.78,189.69,189.72,190.94,191.68,191.87,191.52,191.45,192.76,195.05,195.23,191.00,186.59,187.19,190.62,190.26,186.46,185.39,188.13,190.70,191.94,195.34,201.03,204.83,204.54,202.94,202.67,203.27,203.30,202.37,201.32,200.99,201.79,202.89,202.79,201.36,200.38,200.86,201.55,200.84,199.29,198.72,199.65,201.06,202.23,203.36"
997e1f51-2c7b-47fa-98ba-77e27eda8330 "112.39,112.50,115.48,119.07,115.46,112.56,113.44,117.67,119.32,116.41,115.39,116.73,116.50,114.61,113.92,114.68,115.49,114.96,114.04,113.81,114.12,114.39,113.91,113.05,112.83,113.65,115.10,115.28,113.79,112.96,113.73,116.27,118.23,116.74,114.60,114.16,115.01,115.75,115.23,114.18,113.67,113.86,114.46,114.47,113.64,113.11,113.31,113.61,113.30,113.03,113.64,114.49,113.89,112.97,113.41,115.65,117.27,115.31,113.35,113.31,114.56,115.42,114.51,113.27,112.99,113.55,114.27,114.12,113.29,112.83,113.05,113.50"
339b3db3-f203-48d1-9337-b32051aa421c "1642.09,1795.53,2086.33,2673.05,3694.82,3936.33,3092.53,2717.56,3366.49,4344.05,4737.04,4681.40,5463.07,6281.07,5121.22,5444.22,10543.55,16181.23,16510.57,15846.96,16730.47,15055.78,7318.83,2189.22,1507.42,1721.45,1989.63,2633.66,4051.43,4337.26,2936.88,2523.75,3674.93,5275.02,5549.29,5161.09,5558.09,5925.43,5329.73,6557.64,11749.57,15890.69,15916.46,16431.93,17892.11,15954.79,7070.98,2069.62,1475.87,1600.44,1862.52,2891.82,4880.97,4613.01,2806.45,2794.14,4779.08,6058.31,5244.99,4980.37,6013.65,6579.72,6150.19,7767.62,12811.62,16064.62,16227.90,17375.66,18576.33,16068.71,6585.01,1995.69"
cb1ecc59-3095-44ee-8d6f-413f3c9b4c1b "244.48,248.67,250.83,245.92,241.87,242.49,245.90,248.45,249.66,251.37,253.16,253.99,256.08,261.18,266.56,268.18,267.70,266.52,261.13,253.83,251.45,251.55,247.53,243.21,244.32,250.53,250.92,243.62,240.65,243.40,248.05,247.85,246.27,247.89,250.30,250.36,252.74,261.29,269.94,270.83,269.86,271.58,268.82,259.97,253.48,250.91,247.68,244.85,245.79,249.30,248.51,243.84,242.15,244.29,247.29,247.69,246.47,245.68,245.70,248.23,256.03,266.31,270.34,271.02,277.65,285.76,281.77,266.59,256.48,253.35,249.70,246.00"
381864f2-5aae-49b5-92cf-2b2ed7ccdd82 "69.07,69.11,69.14,69.29,69.47,69.53,69.50,69.53,69.63,69.76,69.89,70.02,70.10,70.21,70.37,70.39,70.16,69.90,69.87,69.99,70.00,69.90,70.04,70.61,71.27,71.51,71.35,71.18,71.18,71.26,71.31,71.31,71.27,71.28,71.43,71.61,71.56,71.23,70.98,71.09,71.29,71.19,70.95,70.94,71.16,71.31,71.38,71.63,72.03,72.27,72.21,72.07,72.04,72.10,72.13,72.06,71.97,71.95,72.04,72.13,72.10,71.97,71.91,71.97,72.02,71.95,71.84,71.82,71.91,72.01,72.08,72.15"
8782048e-6174-4618-8647-e48664afbfcb "52.45,49.89,48.73,51.09,55.85,58.18,64.23,81.75,95.47,90.15,75.93,67.72,63.55,62.11,63.19,69.26,79.47,88.61,90.82,86.37,78.79,70.98,66.66,60.75,52.59,48.31,49.67,54.87,56.36,55.07,63.14,88.25,104.09,95.73,75.71,66.41,64.70,62.15,60.90,65.63,76.11,87.79,99.23,101.37,92.46,77.99,66.45,58.79,54.32,52.95,54.90,57.14,57.27,60.24,74.33,96.38,106.48,101.95,89.16,77.91,70.10,62.85,60.32,64.22,73.72,88.46,105.89,112.31,104.18,85.11,69.15,61.24"
ba28e852-0c3a-4959-85ee-b1e9ddda6cb7 "2487.49,2393.62,2384.59,2413.04,2466.14,2503.87,2533.89,2606.32,2720.74,2784.40,2749.07,2774.92,2969.61,3206.42,3257.33,3210.58,3279.93,3444.71,3500.98,3416.42,3326.09,3219.69,2991.13,2722.04,2560.97,2475.33,2435.85,2439.56,2469.97,2493.16,2515.56,2610.14,2774.79,2849.36,2803.20,2834.46,3040.25,3222.86,3182.70,3104.95,3231.05,3441.65,3507.43,3447.63,3402.89,3313.92,3043.15,2745.65,2594.81,2515.51,2453.57,2439.97,2488.72,2558.11,2593.03,2637.79,2739.84,2815.85,2822.44,2878.57,3053.71,3199.25,3181.37,3194.32,3412.68,3641.38,3698.56,3674.89,3687.28,3621.94,3306.55,2891.88"
c7ebbb2e-819b-461a-ba4f-82aaff961e9a "2453.39,2360.61,2351.57,2370.35,2399.21,2430.32,2496.48,2601.12,2699.87,2726.47,2692.45,2743.85,2932.93,3114.46,3156.92,3151.55,3220.36,3311.19,3318.48,3249.50,3185.33,3119.21,2950.59,2701.03,2527.27,2432.61,2384.68,2378.30,2403.39,2444.37,2503.03,2613.25,2750.38,2810.71,2811.80,2884.68,3046.12,3146.18,3134.58,3119.49,3183.61,3238.22,3207.84,3123.69,3065.06,2999.07,2837.37,2641.39,2515.01,2442.07,2395.17,2387.48,2424.97,2485.65,2549.29,2624.34,2713.20,2760.05,2766.95,2827.26,2971.71,3100.08,3164.80,3232.73,3320.35,3364.23,3345.15,3293.48,3246.33,3165.32,2979.72,2741.63"
